/**
 * Contains information taken from the MAME project. I am as of now unsure
 * what the licensing of the file is, though MAME itself is distributed under
 * a BSD-like license.
 */

#pragma once

static const int upd7759_step[16][16] =
{
	{ 0, 0, 1, 2, 3, 5, 7, 10, 0, 0, -1, -2, -3, -5, -7, -10 },
	{ 0, 1, 2, 3, 4, 6, 8, 13, 0, -1, -2, -3, -4, -6, -8, -13 },
	{ 0, 1, 2, 4, 5, 7, 10, 15, 0, -1, -2, -4, -5, -7, -10, -15 },
	{ 0, 1, 3, 4, 6, 9, 13, 19, 0, -1, -3, -4, -6, -9, -13, -19 },
	{ 0, 2, 3, 5, 8, 11, 15, 23, 0, -2, -3, -5, -8, -11, -15, -23 },
	{ 0, 2, 4, 7, 10, 14, 19, 29, 0, -2, -4, -7, -10, -14, -19, -29 },
	{ 0, 3, 5, 8, 12, 16, 22, 33, 0, -3, -5, -8, -12, -16, -22, -33 },
	{ 1, 4, 7, 10, 15, 20, 29, 43, -1, -4, -7, -10, -15, -20, -29, -43 },
	{ 1, 4, 8, 13, 18, 25, 35, 53, -1, -4, -8, -13, -18, -25, -35, -53 },
	{ 1, 6, 10, 16, 22, 31, 43, 64, -1, -6, -10, -16, -22, -31, -43, -64 },
	{ 2, 7, 12, 19, 27, 37, 51, 76, -2, -7, -12, -19, -27, -37, -51, -76 },
	{ 2, 9, 16, 24, 34, 46, 64, 96, -2, -9, -16, -24, -34, -46, -64, -96 },
	{ 3, 11, 19, 29, 41, 57, 79, 117, -3, -11, -19, -29, -41, -57, -79, -117 },
	{ 4, 13, 24, 36, 50, 69, 96, 143, -4, -13, -24, -36, -50, -69, -96, -143 },
	{ 4, 16, 29, 44, 62, 85, 118, 175, -4, -16, -29, -44, -62, -85, -118, -175 },
	{ 6, 20, 36, 54, 76, 104, 144, 214, -6, -20, -36, -54, -76, -104, -144, -214 },
};

static const int upd7759_state_table[16] = { -1, -1, 0, 0, 1, 2, 2, 3, -1, -1, 0, 0, 1, 2, 2, 3 };

